g 0 480 0 240 720 0
n 42,5 567,5 15,02968 57,5 570 19,53933
n 35 570 13,99111 60 580 21,71675
n 117,5 570 10,96908 120 575 10,97369
n 120 570 10,96914 130 585 11,6209
n 130 570 11,29053 140 590 11,80292
n 32,5 572,5 22,01055 35 575 22,01055
n 60 572,5 11,31288 117,5 575 13,95625
n 140 572,5 11,31026 142,5 575 11,31026
n 30 575 21,50811 35 580 22,41698
n 60 575 10,96912 120 585 13,91242
n 140 575 11,31026 145 580 11,7138
n 210 575 23,94533 230 585 23,94534
n 27,5 577,5 23,06118 30 580 23,06118
n 145 577,5 11,40847 147,5 580 11,40847
n 207,5 577,5 23,94533 210 585 23,94533
n 230 577,5 23,94533 235 590 23,94534
n 22,5 580 23,26384 30 585 24,91593
n 30 580 14,34611 60 590 23,88661
n 140 580 11,40848 150 595 14,23235
n 235 580 23,94533 237,5 585 23,94533
n 20 582,5 25,45226 22,5 585 25,45226
n 205 582,5 23,94533 207,5 585 23,94533
n 237,5 582,5 23,94533 240 585 23,94533
n 17,5 585 23,89317 30 590 26,13795
n 60 585 13,6504 65 590 15,10589
n 65 585 12,03199 70 587,5 12,9257
n 122,5 585 11,15986 125 587,5 11,15986
n 125 585 11,12912 130 590 11,35058
n 150 585 13,75308 152,5 590 14,19815
n 205 585 23,94533 217,5 590 23,94533
n 217,5 585 23,94533 230 587,5 23,94533
n 235 585 23,94533 240 600 23,94534
n 15 587,5 26,3879 17,5 590 26,3879
n 152,5 587,5 15,06545 155 590 15,06545
n 0 590 27,11765 2,5 595 27,11765
n 12,5 590 26,22788 20 595 26,96966
n 20 590 24,87685 30 605 27,01276
n 30 590 22,94553 40 600 26,24393
n 40 590 22,47593 42,5 592,5 22,47593
n 132,5 590 11,97835 135 592,5 11,97835
n 135 590 12,01866 140 595 12,77333
n 150 590 14,64318 155 600 16,08793
n 205 590 23,94533 215 600 23,94533
n 232,5 590 23,94533 235 600 23,94533
n 2,5 592,5 27,11034 12,5 595 27,11765
n 155 592,5 16,4468 157,5 595 16,4468
n 0 595 26,69651 20 617,5 27,11765
n 140 595 13,04802 145 597,5 13,1796
n 145 595 13,82212 150 607,5 16,77403
n 155 595 16,64676 160 600 18,65525
n 142,5 597,5 14,43861 145 600 14,43861
n 30 600 26,74488 35 605 26,96418
n 35 600 26,67681 37,5 602,5 26,67681
n 150 600 15,52738 160 615 21,47042
n 160 600 19,96626 162,5 605 20,13928
n 207,5 600 23,94533 210 602,5 23,94533
n 210 600 23,94533 215 605 23,94533
n 230 600 23,94532 240 617,5 23,94533
n 215 602,5 23,94533 220 607,5 23,94534
n 227,5 602,5 23,94533 230 605 23,94533
n 20 605 27,11584 25 615 27,11765
n 25 605 27,11459 30 607,5 27,11462
n 160 605 20,31241 165 610 22,58595
n 212,5 605 23,94533 215 607,5 23,94533
n 220 605 23,94533 225 612,5 23,94533
n 225 605 23,94533 230 617,5 23,94533
n 147,5 607,5 17,54639 150 612,5 18,53365
n 217,5 607,5 23,94533 220 610 23,94533
n 160 610 21,49445 170 637,5 23,94534
n 170 612,5 23,9453 172,5 615 23,9453
n 222,5 612,5 23,94533 225 617,5 23,94533
n 20 615 27,11765 22,5 617,5 27,11765
n 150 615 21,63806 155 617,5 21,82444
n 155 615 21,45171 160 632,5 23,94534
n 170 615 23,90723 175 620 23,94533
n 152,5 617,5 22,82464 155 630 23,94533
n 175 617,5 23,93717 177,5 620 23,93717
n 237,5 617,5 23,94532 240 620 23,94532
n 170 620 23,94503 180 637,5 23,94533
n 180 622,5 23,94533 185 630 23,94533
n 185 625 23,94533 190 630 23,94533
n 190 627,5 23,94533 195 645 23,94533
n 180 630 23,94533 190 640 23,94534
n 157,5 632,5 23,94533 160 635 23,94533
n 195 632,5 23,94533 202,5 635 23,94533
n 195 635 23,94533 207,5 640 23,94533
n 177,5 637,5 23,94533 180 640 23,94533
n 207,5 637,5 23,94533 215 640 23,94533
n 182,5 640 23,94533 190 642,5 23,94533
n 195 640 23,94533 217,5 645 23,94533
n 217,5 642,5 23,94533 232,5 645 24,56235
n 197,5 645 23,94533 205 647,5 23,94533
n 205 645 23,94533 240 650 24,40197
n 202,5 647,5 23,94533 205 650 23,94533
n 210 650 23,94533 225 652,5 23,94533
n 225 650 23,94533 240 655 23,94536
n 222,5 652,5 23,94533 225 655 23,94533
n 230 655 23,94533 235 657,5 23,94533
n 235 655 23,94533 240 662,5 23,94533
n 232,5 657,5 23,94533 235 660 23,94533
n 237,5 662,5 23,94533 240 667,5 23,94533
g 0 240 0 240 480 0
n 225 307,5 0,4997864 240 310 1,330154
n 210 310 0,4997864 220 330 0,4997902
n 220 310 0,4997826 240 350 1,330238
n 207,5 315 0,4997864 210 320 0,4997864
n 205 320 0,4997864 210 332,5 0,4997864
n 210 330 0,4997864 215 332,5 0,4997864
n 215 330 0,4997864 220 347,5 0,4997864
n 212,5 332,5 0,4997864 215 335 0,4997864
n 210 335 0,4997864 215 345 2,736561
n 205 337,5 -1,580791 210 345 0,0697937
n 212,5 345 0,5000076 215 347,5 0,5000076
n 35 390 4,77113 40 395 15,31412
n 35 405 -4,089508 40 410 5,288246
g 240 240 0 480 480 0
n 265 240 0,4997864 280 242,5 0,4997883
n 280 240 0,4997883 297,5 245 0,4997902
n 297,5 240 0,4997864 300 242,5 0,4997864
n 282,5 245 0,4997883 292,5 260 0,4997902
n 292,5 245 0,4997883 295 247,5 0,4997883
n 280 257,5 0,4997883 282,5 260 0,4997883
n 292,5 257,5 0,4997883 295 260 0,4997883
n 277,5 260 0,4997864 280 265 0,4997864
n 280 260 0,4997883 295 270 0,4997902
n 295 260 0,4997883 297,5 265 0,4997883
n 260 262,5 0,4997883 277,5 265 0,4997902
n 297,5 262,5 0,4997864 317,5 265 0,4997883
n 260 265 0,4997883 265 272,5 0,4997883
n 265 265 0,4997864 280 275 0,4997902
n 295 265 0,4997864 320 270 0,4997902
n 280 270 0,4997864 320 320 0,4997902
n 262,5 272,5 0,4997883 265 275 0,4997883
n 272,5 275 0,4997864 280 280 0,4997902
n 320 275 0,4997883 322,5 295 0,4997902
n 270 280 0,4997864 280 300 0,4997902
n 397,5 285 0,4997845 405 292,5 0,4997883
n 405 287,5 0,4997864 407,5 290 0,4997864
n 267,5 290 0,4997883 270 295 0,4997883
n 405 290 0,4997845 410 310 0,4997883
n 265 292,5 0,4997883 267,5 295 0,4997883
n 322,5 292,5 0,4997883 325 295 0,4997883
n 402,5 292,5 0,4997883 405 295 0,4997883
n 410 292,5 0,4997864 425 300 0,4997883
n 265 295 0,4997883 270 300 0,4997883
n 320 295 0,4997883 327,5 300 0,4997883
n 327,5 297,5 0,4997883 347,5 300 0,4997902
n 260 300 0,4997864 280 330 0,4997902
n 320 300 0,4997864 350 320 0,5040646
n 410 300 0,4997845 420 330 0,6459656
n 420 300 0,4997864 422,5 302,5 0,4997864
n 255 302,5 0,4997883 260 310 0,4997883
n 350 302,5 0,5037327 352,5 305 0,5037327
n 357,5 302,5 0,4997864 375 305 0,5334473
n 402,5 302,5 0,4997864 405 305 0,4997864
n 247,5 305 0,4997883 255 310 0,4997902
n 350 305 0,4997845 405 310 0,6732578
n 462,5 305 1,329229 467,5 310 1,369745
n 242,5 307,5 0,4997902 247,5 310 0,4997902
n 420 307,5 0,4997864 422,5 310 0,4997864
n 455 307,5 0,4997864 462,5 310 1,314016
n 240 310 0,4997864 260 340 0,4997902
n 350 310 0,4997826 410 330 0,869215
n 420 310 0,4997845 430 330 0,5074902
n 430 310 0,4997845 432,5 315 0,4997845
n 452,5 310 0,4997845 460 315 0,4997883
n 460 310 0,4997883 470 335 1,427818
n 432,5 312,5 0,4997864 452,5 315 0,4997883
n 470 312,5 0,4997864 480 335 0,4997902
n 430 315 0,4997845 460 330 0,4997902
n 280 320 0,4997864 300 325 0,4997902
n 300 320 0,4997883 305 322,5 0,4997883
n 320 320 0,4997883 325 322,5 0,4997883
n 325 320 0,4997845 340 325 0,4997902
n 340 320 0,4997845 350 335 0,4997883
n 280 325 0,4997883 285 330 0,4997902
n 285 325 0,4997883 292,5 327,5 0,4997902
n 330 325 0,4997883 335 327,5 0,4997883
n 335 325 0,4997845 340 332,5 0,4997883
n 332,5 327,5 0,4997883 335 330 0,4997883
n 260 330 0,4997883 265 337,5 0,4997902
n 265 330 0,4997883 270 335 0,4997902
n 270 330 0,4997883 275 332,5 0,4997883
n 350 330 0,4997845 360 335 0,4997883
n 360 330 0,4997845 375 385 16,61453
n 375 330 0,4997845 380 337,5 1,34774
n 380 330 1,053478 390 335 1,717262
n 390 330 1,180523 402,5 332,5 1,238848
n 427,5 330 0,4997883 450 332,5 0,4997902
n 450 330 0,4997883 460 335 0,4997902
n 337,5 332,5 0,4997864 340 335 0,4997864
n 355 335 0,4997864 360 337,5 0,4997883
n 260 337,5 0,4997883 262,5 340 0,4997883
n 357,5 337,5 1,34746 360 345 3,043804
n 375 337,5 1,347538 377,5 342,5 2,195707
n 240 340 0,4997883 252,5 345 0,4997902
n 252,5 340 0,4997883 257,5 342,5 0,4997902
n 240 345 0,4997883 247,5 350 0,4997902
n 247,5 345 0,4997883 250 347,5 0,4997883
n 375 377,5 14,42084 377,5 385 16,11521
n 377,5 382,5 16,38331 380 385 16,38331
n 360 385 17,29959 365 387,5 17,46268
n 365 385 16,95952 382,5 390 18,31107
n 362,5 387,5 18,30144 365 405 23,77989
n 382,5 387,5 19,48632 385 390 19,48632
n 365 390 18,86456 380 410 23,90744
n 380 390 19,15932 387,5 395 22,1291
n 387,5 392,5 22,84258 390 395 22,84258
n 380 395 20,8555 392,5 400 23,75856
n 380 400 22,55182 395 410 23,94533
n 360 405 23,72568 365 410 23,78051
n 355 407,5 23,72567 360 420 23,72567
n 360 410 23,72568 390 440 23,94533
n 390 410 23,94533 395 412,5 23,94533
n 352,5 412,5 23,72567 355 415 23,72567
n 337,5 415 23,72567 355 420 23,72567
n 335 417,5 23,72567 337,5 420 23,72567
n 335 420 23,72567 360 430 23,72567
n 390 420 23,94533 392,5 425 23,94533
n 427,5 420 23,94557 437,5 425 24,75367
n 392,5 422,5 23,94533 395 425 23,94533
n 425 422,5 23,94533 427,5 425 23,94533
n 437,5 422,5 23,94595 440 425 23,94595
n 390 425 23,94533 395 430 23,94533
n 415 425 23,94532 442,5 430 23,94595
n 395 427,5 23,94533 397,5 430 23,94533
n 412,5 427,5 23,94532 415 435 23,94533
n 337,5 430 23,72567 350 432,5 23,72567
n 350 430 23,72567 360 435 23,72567
n 390 430 23,94533 405 440 23,94533
n 405 430 23,94533 407,5 435 23,94533
n 415 430 23,94532 440 440 23,94533
n 440 430 23,94532 442,5 435 23,94532
n 407,5 432,5 23,94533 412,5 435 23,94533
n 442,5 432,5 23,94533 445 435 23,94533
n 352,5 435 23,72567 355 437,5 23,72567
n 355 435 23,72567 360 440 23,72567
n 405 435 23,94532 415 440 23,94533
n 440 435 23,94532 445 440 23,94533
n 445 437,5 23,94533 447,5 440 23,94533
n 360 440 23,72568 375 442,5 23,94533
n 375 440 23,94533 400 445 23,94533
n 400 440 23,94532 420 450 23,94533
n 420 440 23,94532 450 460 23,94533
n 450 442,5 23,94533 452,5 445 23,94533
n 382,5 445 23,94532 395 447,5 23,94533
n 395 445 23,94532 400 450 23,94533
n 450 445 23,94532 455 480 23,94533
n 392,5 447,5 23,94533 395 450 23,94533
n 402,5 450 23,94532 415 452,5 23,94533
n 415 450 23,94532 420 457,5 23,94533
n 455 450 23,94532 457,5 480 23,94533
n 412,5 452,5 23,94533 415 455 23,94533
n 417,5 457,5 23,94532 420 460 23,94532
n 422,5 460 23,94532 430 462,5 23,94532
n 430 460 23,94532 440 465 23,94532
n 440 460 23,94532 450 470 23,94532
n 427,5 462,5 23,94532 430 465 23,94532
n 432,5 465 23,94532 440 467,5 23,94532
n 437,5 467,5 23,94532 440 470 23,94532
n 442,5 470 23,94532 450 475 23,94532
n 445 475 23,94532 450 480 23,94533
g 240 480 0 480 720 0
n 445 480 23,94532 457,5 490 23,94534
n 442,5 490 23,94532 455 495 23,94533
n 455 490 23,94533 457,5 492,5 23,94533
n 310 495 23,94532 325 510 23,94534
n 365 495 23,94532 375 500 23,94533
n 440 495 23,94532 455 500 23,94533
n 307,5 497,5 23,94532 310 500 23,94532
n 325 497,5 23,94533 327,5 505 23,94533
n 375 497,5 23,94533 377,5 500 23,94533
n 437,5 497,5 23,94533 440 500 23,94533
n 302,5 500 23,94532 310 515 23,94533
n 362,5 500 23,94533 370 505 23,94533
n 370 500 23,94532 380 520 23,94534
n 435 500 23,94532 450 510 23,94533
n 450 500 23,94532 455 502,5 23,94533
n 327,5 502,5 23,94532 330 505 23,94532
n 337,5 502,5 23,94532 362,5 505 24,45247
n 410 502,5 24,71777 417,5 505 24,71778
n 430 502,5 23,94532 435 510 23,94532
n 450 502,5 23,94532 452,5 505 23,94532
n 325 505 23,94532 332,5 510 23,94533
n 337,5 505 23,94532 370 510 24,45247
n 380 505 23,94533 382,5 510 23,94533
n 407,5 505 23,9454 420 510 24,71823
n 425 505 23,94532 430 510 23,94532
n 332,5 507,5 23,94533 337,5 510 23,94533
n 382,5 507,5 23,94532 407,5 510 23,94533
n 420 507,5 23,94532 425 510 23,94533
n 310 510 23,94532 360 535 23,94534
n 360 510 23,94532 370 520 23,94533
n 380 510 23,94532 445 520 23,94578
n 445 510 23,94532 447,5 512,5 23,94532
n 290 512,5 23,94533 302,5 515 24,66391
n 287,5 515 23,94532 310 530 24,66433
n 360 520 23,8355 440 580 24,87479
n 440 520 23,94532 445 575 23,94533
n 285 530 23,94532 300 550 23,94533
n 300 530 23,94532 310 540 23,94533
n 282,5 532,5 23,94532 285 545 23,94532
n 310 535 23,94532 317,5 540 23,94533
n 317,5 535 23,94532 360 537,5 23,94534
n 300 540 23,94533 307,5 545 23,94533
n 307,5 540 23,94533 312,5 542,5 23,94533
n 280 545 23,94532 285 550 23,94532
n 300 545 23,94532 305 547,5 23,94533
n 275 547,5 23,94532 280 560 23,94533
n 280 550 23,94532 290 560 23,94532
n 290 550 23,94532 295 555 23,94532
n 295 550 23,94532 297,5 552,5 23,94532
n 445 550 23,94533 447,5 570 23,94533
n 272,5 552,5 23,94533 275 555 23,94533
n 270 555 23,94532 275 560 23,94532
n 290 555 23,94532 292,5 557,5 23,94532
n 352,5 557,5 23,83558 360 560 23,94532
n 270 560 23,94532 280 580 23,94534
n 280 560 23,94532 287,5 565 23,94533
n 287,5 560 23,94532 290 562,5 23,94532
n 350 560 23,94527 360 567,5 23,94533
n 267,5 562,5 23,94532 270 565 23,94532
n 260 565 23,94532 270 615 24,88107
n 280 565 23,94533 285 567,5 23,94533
n 255 567,5 23,94533 260 592,5 24,88181
n 280 567,5 23,94533 282,5 572,5 23,94533
n 440 575 23,94533 442,5 577,5 23,94533
n 252,5 577,5 23,94533 255 580 23,94533
n 247,5 580 23,94533 255 587,5 23,94533
n 270 580 23,94532 275 607,5 23,94534
n 275 580 23,94533 277,5 582,5 23,94533
n 360 580 23,94532 370 595 23,94533
n 370 580 23,79704 400 600 23,94533
n 400 580 23,79704 410 595 23,94533
n 410 580 23,94532 430 590 23,94534
n 430 580 23,94533 435 585 23,94533
n 435 580 23,94533 437,5 582,5 23,94533
n 240 582,5 23,94533 247,5 585 23,94533
n 240 585 23,94533 245 592,5 23,94534
n 245 585 23,94533 247,5 587,5 23,94533
n 430 585 23,94533 432,5 587,5 23,94533
n 252,5 587,5 23,94533 255 590 23,94533
n 410 590 23,94532 415 595 23,94533
n 415 590 23,94533 420 592,5 23,94533
n 240 592,5 23,94533 242,5 595 23,94533
n 257,5 592,5 23,94533 260 595 23,94533
n 255 595 23,94532 260 610 23,94534
n 360 595 23,94533 365 597,5 23,94533
n 365 595 23,94533 370 602,5 23,94534
n 400 595 23,94526 405 597,5 23,94533
n 240 597,5 23,94533 242,5 600 23,94533
n 252,5 597,5 23,94532 255 605 23,94533
n 362,5 597,5 23,94533 365 600 23,94533
n 400 597,5 23,94533 402,5 600 23,94533
n 240 600 23,94532 245 610 23,94534
n 370 600 23,94532 375 602,5 23,94533
n 375 600 23,94532 395 605 23,94533
n 245 602,5 23,94533 252,5 605 23,94533
n 372,5 602,5 23,94533 375 605 23,94533
n 245 605 23,94532 255 610 23,94534
n 377,5 605 23,94532 392,5 607,5 23,94533
n 270 607,5 23,94532 272,5 612,5 23,94533
n 240 610 23,94532 260 620 23,94533
n 260 615 23,94532 267,5 620 23,94532
n 245 620 23,94532 250 622,5 23,94532
n 250 620 23,94532 255 627,5 23,94533
n 255 620 23,94532 265 650 23,94533
n 477,5 620 59,07558 480 625 59,07558
n 247,5 622,5 23,94532 250 625 23,94532
n 462,5 622,5 58,7037 477,5 625 59,07558
n 460 625 57,62159 480 660 59,07559
n 252,5 627,5 23,94533 255 635 23,94533
n 457,5 627,5 58,74595 460 640 59,42668
n 240 630 33,0122 245 635 33,01575
n 272,5 630 33,14994 280 635 33,15444
n 265 632,5 23,94533 267,5 645 23,94533
n 280 632,5 33,15444 282,5 635 33,15444
n 455 637,5 59,95029 457,5 640 59,95029
n 452,5 640 57,73927 460 645 58,66957
n 247,5 642,5 23,55482 255 645 23,94533
n 450 642,5 57,00987 452,5 645 57,00987
n 240 645 23,94514 255 650 24,80924
n 265 645 23,94533 270 650 24,31164
n 450 645 55,47094 460 660 58,44841
n 270 647,5 23,94533 280 660 24,53619
n 240 650 23,94532 270 660 23,94566
n 280 650 23,95204 285 660 24,10359
n 447,5 650 56,09848 450 655 56,25278
n 285 652,5 24,12936 287,5 660 24,18901
n 300 652,5 25,01491 305 670 25,58024
n 445 652,5 55,50751 447,5 655 55,50751
n 305 655 25,44547 307,5 665 25,64491
n 442,5 655 53,80191 450 660 55,3825
n 287,5 657,5 24,30952 290 660 24,30952
n 297,5 657,5 24,92964 300 660 24,92964
n 440 657,5 53,47411 442,5 660 53,47411
n 240 660 23,94533 300 680 25,72472
n 435 660 52,11661 440 670 52,78051
n 440 660 52,51963 460 680 56,70252
n 460 660 56,71918 470 670 58,6157
n 470 660 58,9244 475 665 59,00899
n 475 660 59,0755 477,5 662,5 59,0755
n 307,5 662,5 25,86264 310 665 25,86264
n 432,5 662,5 51,79539 435 665 51,79539
n 305 665 25,71446 310 670 26,02498
n 427,5 665 50,54547 435 670 51,8372
n 470 665 58,90628 472,5 667,5 58,90628
n 310 667,5 26,29929 312,5 675 26,60121
n 425 667,5 49,96357 427,5 670 49,96357
n 300 670 25,446 310 690 28,029
n 420 670 48,65601 440 690 53,13759
n 460 670 56,56468 465 675 57,1121
n 465 670 57,61491 467,5 672,5 57,61491
n 415 672,5 47,55317 420 680 48,42657
n 310 675 26,7609 315 680 28,49971
n 412,5 675 47,01981 415 680 47,07858
n 460 675 56,52008 462,5 680 56,56042
n 315 677,5 28,67906 327,5 680 29,77833
n 405 677,5 45,33924 412,5 680 46,54533
n 240 680 23,94534 245 682,5 23,94534
n 245 680 23,94533 250 687,5 23,96912
n 250 680 23,97206 300 690 26,98052
n 310 680 27,16003 330 690 30,7036
n 335 680 30,84445 347,5 685 31,90049
n 395 680 42,34618 400 690 43,35741
n 400 680 43,91499 420 705 50,43512
n 440 680 52,93054 455 690 55,59308
n 455 680 55,36907 460 685 56,18002
n 242,5 682,5 23,94534 245 685 23,94534
n 330 682,5 30,60246 335 690 31,16612
n 347,5 682,5 31,91453 370 685 35,21173
n 385 682,5 39,44886 395 690 41,85776
n 335 685 31,04597 385 690 39,15638
n 455 685 55,75931 457,5 687,5 55,75931
n 247,5 687,5 23,98064 250 690 23,98064
n 250 690 24,01058 255 692,5 24,05323
n 255 690 24,0959 277,5 695 24,89609
n 277,5 690 24,99325 292,5 692,5 26,27982
n 310 690 28,89629 315 692,5 29,25188
n 315 690 29,60746 320 697,5 30,97264
n 320 690 30,27127 400 700 43,90159
n 420 690 49,62129 435 700 53,46572
n 435 690 52,94683 447,5 695 55,00156
n 447,5 690 55,0371 450 692,5 55,0371
n 312,5 692,5 29,76721 315 695 29,76721
n 257,5 695 24,19408 275 697,5 24,83062
n 435 695 53,60265 437,5 697,5 53,60265
n 317,5 697,5 31,6049 320 700 31,6049
n 320 700 32,82511 325 702,5 33,05761
n 325 700 33,08606 330 707,5 34,75516
n 330 700 33,3031 340 710 35,15016
n 340 700 33,64146 350 707,5 34,86668
n 350 700 34,42978 365 710 36,75378
n 365 700 36,40233 380 707,5 39,20068
n 380 700 39,42377 400 705 44,22388
n 420 700 50,75052 425 707,5 52,28814
n 425 700 52,09532 430 702,5 52,71198
n 322,5 702,5 34,23494 325 705 34,23494
n 425 702,5 52,52619 427,5 705 52,52619
n 380 705 39,69178 387,5 710 40,95343
n 387,5 705 41,50726 395 707,5 42,89504
n 405 705 46,84117 420 707,5 50,86948
n 327,5 707,5 35,21284 330 710 35,21284
n 340 707,5 34,87386 342,5 710 34,87386
n 365 707,5 37,12731 367,5 710 37,12731
n 407,5 707,5 47,99542 412,5 710 48,90782
n 352,5 710 35,86894 362,5 712,5 36,64144
